	Analysis Date	Sample	Museum	Sample ID	Analysis #	Amount (mg)	Comments		PeakArea N (Vs)	N quantity (ug)	Percent N Accuracy	Percent N Precision	d15N vs Air N2 (permil)	d15N Accuracy	d15N Precision		PeakArea C (Vs)	C quantity (ug)	Percent C Accuracy	Percent C Precision	d13C vs VPDB (permil)	d13C Accuracy	d13C Precision
	20190202	1_A1	UWBM	BM_80772	100469	0.311		 	202.6393	46.7091	-0.061295	0.063322	16.5705	-0.04856	0.023651	 	99.244	127.7654	-0.55485	0.1527	-10.9489	0.034222	0.023196
	20190202	1_A2	UWBM	BM_Makah 2017	100470	0.297		 	186.4613	43.0163	-0.061295	0.063322	16.7439	-0.04856	0.023651	 	94.388	121.6829	-0.55485	0.1527	-14.4187	0.034222	0.023196
	20190202	1_A3	UWBM	BM_80783	100471	0.313		 	202.6833	46.7192	-0.061295	0.063322	16.9459	-0.04856	0.023651	 	100.176	128.9328	-0.55485	0.1527	-13.115	0.034222	0.023196
	20190202	1_A4	UWBM	BM_80777	100472	0.31		 	193.6193	44.6502	-0.061295	0.063322	17.2891	-0.04856	0.023651	 	99.849	128.5232	-0.55485	0.1527	-13.1147	0.034222	0.023196
	20190202	1_A5	UWBM	BM_51213	100473	0.312		 	194.9873	44.9625	-0.061295	0.063322	19.7667	-0.04856	0.023651	 	97.301	125.3317	-0.55485	0.1527	-10.4525	0.034222	0.023196
	20190202	1_A6	UWBM	BM_80776	100474	0.312		 	155.8453	36.0278	-0.061295	0.063322	17.5523	-0.04856	0.023651	 	81.975	106.1348	-0.55485	0.1527	-12.3599	0.034222	0.023196
	20190202	1_A7	UWBM	BM_82685	100475	0.312		 	183.4503	42.329	-0.061295	0.063322	18.71	-0.04856	0.023651	 	92.659	119.5172	-0.55485	0.1527	-13.3727	0.034222	0.023196
	20190202	1_A8	UWBM	BM_80782	100476	0.306		 	200.9113	46.3147	-0.061295	0.063322	17.1076	-0.04856	0.023651	 	98.085	126.3137	-0.55485	0.1527	-11.9114	0.034222	0.023196
	20190202	1_A9	UWBM	BM_80778	100480	0.306		 	209.7373	48.3294	-0.061295	0.063322	16.2282	-0.04856	0.023651	 	101.863	131.0459	-0.55485	0.1527	-12.8056	0.034222	0.023196
	20190202	1_A10	UWBM	BM_80780	100481	0.301		 	177.6253	40.9994	-0.061295	0.063322	17.2182	-0.04856	0.023651	 	89.239	115.2334	-0.55485	0.1527	-11.1575	0.034222	0.023196
	20190202	1_A11	UWBM	BM_80780_2	100482	0.302		 	182.1953	42.0425	-0.061295	0.063322	17.2098	-0.04856	0.023651	 	91.031	117.478	-0.55485	0.1527	-11.0196	0.034222	0.023196
	20190202	1_A12	UWBM	BM_51206	100483	0.317		 	209.1953	48.2056	-0.061295	0.063322	17.4742	-0.04856	0.023651	 	103.217	132.7419	-0.55485	0.1527	-11.8316	0.034222	0.023196
	20190202	1_B1	SM	SM_16096	100484	0.309		 	189.9053	43.8024	-0.061295	0.063322	16.851	-0.04856	0.023651	 	96.846	124.7617	-0.55485	0.1527	-13.4157	0.034222	0.023196
	20190202	1_B2	NMML	NMML_2044	100485	0.304		 	182.3603	42.0802	-0.061295	0.063322	17.9678	-0.04856	0.023651	 	91.804	118.4463	-0.55485	0.1527	-13.3601	0.034222	0.023196
	20190202	1_B3	NMML	NMML_2233	100486	0.31		 	207.0293	47.7112	-0.061295	0.063322	17.0187	-0.04856	0.023651	 	103.335	132.8897	-0.55485	0.1527	-12.5233	0.034222	0.023196
	20190202	1_B4	NMML	NMML_2065	100490	0.298		 	185.3993	42.7739	-0.061295	0.063322	16.9694	-0.04856	0.023651	 	93.178	120.1673	-0.55485	0.1527	-12.3241	0.034222	0.023196
	20190202	1_B5	NMML	NMML_2234	100491	0.308		 	185.3993	42.7739	-0.061295	0.063322	16.3416	-0.04856	0.023651	 	93.934	121.1143	-0.55485	0.1527	-13.1792	0.034222	0.023196
	20190202	1_B6	NMML	NMML_2066	100492	0.317		 	211.8433	48.8101	-0.061295	0.063322	17.7061	-0.04856	0.023651	 	104.404	134.2287	-0.55485	0.1527	-13.2923	0.034222	0.023196
	20190202	1_B7	NMML	NMML_2236	100493	0.306		 	186.3603	42.9932	-0.061295	0.063322	16.394	-0.04856	0.023651	 	92.55	119.3807	-0.55485	0.1527	-14.1314	0.034222	0.023196
	20190202	1_B8	NMML	NMML_2050	100494	0.317		 	207.8173	47.8911	-0.061295	0.063322	17.923	-0.04856	0.023651	 	104.567	134.4329	-0.55485	0.1527	-13.2173	0.034222	0.023196
	20190202	1_B9	NMML	NMML_2232	100495	0.304		 	241.3503	55.5454	-0.061295	0.063322	16.9191	-0.04856	0.023651	 	122.706	157.1532	-0.55485	0.1527	-12.9218	0.034222	0.023196
	20190202	1_B10	NMML	NMML_2232_2	100496	0.307		 	199.0903	45.899	-0.061295	0.063322	16.8834	-0.04856	0.023651	 	101.535	130.6351	-0.55485	0.1527	-12.9836	0.034222	0.023196
	20190202	1_B11	NMML	NMML_6068	100500	0.312		 	208.5963	48.0689	-0.061295	0.063322	18.3752	-0.04856	0.023651	 	103.871	133.5611	-0.55485	0.1527	-12.7212	0.034222	0.023196
	20190202	1_B12	NMML	NMML_1919	100501	0.316		 	213.4063	49.1669	-0.061295	0.063322	17.9926	-0.04856	0.023651	 	105.578	135.6992	-0.55485	0.1527	-10.5249	0.034222	0.023196
	20190202	1_C1	NMML	NMML_2235	100502	0.301		 	200.3823	46.1939	-0.061295	0.063322	16.3935	-0.04856	0.023651	 	100.368	129.1733	-0.55485	0.1527	-13.7537	0.034222	0.023196
	20190202	1_C2	NMML	NMML_2025	100503	0.305		 	194.8733	44.9364	-0.061295	0.063322	16.3401	-0.04856	0.023651	 	95.524	123.1058	-0.55485	0.1527	-14.9391	0.034222	0.023196
	20190202	1_C3	NMML	NMML_1917	100504	0.305		 	202.6893	46.7206	-0.061295	0.063322	17.8737	-0.04856	0.023651	 	99.796	128.4568	-0.55485	0.1527	-9.9073	0.034222	0.023196
	20190202	1_C4	NMML	NMML_2001	100505	0.314		 	210.6693	48.5421	-0.061295	0.063322	16.7595	-0.04856	0.023651	 	103.433	133.0124	-0.55485	0.1527	-14.0639	0.034222	0.023196
	20190202	1_C5	NMML	NMML_1905	100506	0.307		 	202.4603	46.6683	-0.061295	0.063322	18.211	-0.04856	0.023651	 	100.11	128.8501	-0.55485	0.1527	-10.1656	0.034222	0.023196
	20190202	1_C6	NMML	NMML_2064	100507	0.316		 	204.8433	47.2122	-0.061295	0.063322	18.1152	-0.04856	0.023651	 	102.096	131.3377	-0.55485	0.1527	-12.6263	0.034222	0.023196
	20190205	1_C7	NMML	NMML_2022	100521	0.306		 	206.129	46.8072	-0.090314	0.19357	17.4933	-0.052965	0.059386	 	100.484	129.4072	0.089926	0.72223	-13.9786	0.021709	0.043288
	20190205	1_C8	NMML	NMML_2048	100522	0.308		 	204.243	46.3842	-0.090314	0.19357	17.3541	-0.052965	0.059386	 	101.334	130.4872	0.089926	0.72223	-13.9664	0.021709	0.043288
	20190205	1_C9	NMML	NMML_2048_2	100523	0.308		 	205.168	46.5917	-0.090314	0.19357	17.2906	-0.052965	0.059386	 	102.031	131.3727	0.089926	0.72223	-13.9552	0.021709	0.043288
	20190205	1_C10	NMML	NMML_2027	100524	0.315		 	215.021	48.8018	-0.090314	0.19357	17.4521	-0.052965	0.059386	 	105.457	135.7254	0.089926	0.72223	-13.3855	0.021709	0.043288
	20190205	1_C11	NMML	NMML_2062	100525	0.301		 	202.816	46.0641	-0.090314	0.19357	18.3572	-0.052965	0.059386	 	100.229	129.0832	0.089926	0.72223	-12.6153	0.021709	0.043288
	20190205	1_C12	NMML	NMML_1995	100526	0.314		 	214.105	48.5963	-0.090314	0.19357	17.6423	-0.052965	0.059386	 	104.905	135.0241	0.089926	0.72223	-13.1746	0.021709	0.043288
	20190205	1_D1	NMML	NMML_2067	100527	0.308		 	204.289	46.3945	-0.090314	0.19357	17.8405	-0.052965	0.059386	 	101.644	130.881	0.089926	0.72223	-12.7824	0.021709	0.043288
	20190205	1_D2	NMML	NMML_2024	100528	0.307		 	205.643	46.6982	-0.090314	0.19357	17.0014	-0.052965	0.059386	 	101.197	130.3131	0.089926	0.72223	-14.0446	0.021709	0.043288
	20190205	1_D3	NMML	NMML_2045	100532	0.301		 	180.251	41.0026	-0.090314	0.19357	17.6852	-0.052965	0.059386	 	91.9	118.5012	0.089926	0.72223	-13.4284	0.021709	0.043288
	20190205	1_D4	NMML	NMML_1984	100533	0.303		 	204.385	46.416	-0.090314	0.19357	17.8156	-0.052965	0.059386	 	101.842	131.1326	0.089926	0.72223	-12.966	0.021709	0.043288
	20190205	1_D5	NMML	NMML_2028	100534	0.306		 	206.326	46.8514	-0.090314	0.19357	17.7579	-0.052965	0.059386	 	101.132	130.2305	0.089926	0.72223	-12.1156	0.021709	0.043288
	20190205	1_D6	NMML	NMML_2233	100535	0.301		 	194.652	44.2329	-0.090314	0.19357	17.026	-0.052965	0.059386	 	96.026	123.7433	0.089926	0.72223	-12.4132	0.021709	0.043288
	20190205	1_D7	NMML	NMML_1915	100536	0.3		 	197.115	44.7853	-0.090314	0.19357	17.8098	-0.052965	0.059386	 	98.688	127.1254	0.089926	0.72223	-10.5641	0.021709	0.043288
	20190205	1_D8	NMML	NMML_1915_2	100537	0.318		 	209.804	47.6316	-0.090314	0.19357	17.9435	-0.052965	0.059386	 	104.938	135.066	0.089926	0.72223	-10.5088	0.021709	0.043288
	20190205	1_D9	NMML	NMML_1918	100538	0.319		 	217.898	49.4471	-0.090314	0.19357	18.2801	-0.052965	0.059386	 	107.211	137.9539	0.089926	0.72223	-10.3121	0.021709	0.043288
	20190205	1_D10	NMML	NMML_2016	100542	0.306		 	206.778	46.9528	-0.090314	0.19357	17.2948	-0.052965	0.059386	 	101.631	130.8645	0.089926	0.72223	-13.4448	0.021709	0.043288
	20190205	1_D11	NMML	NMML_2032	100543	0.311		 	200.146	45.4652	-0.090314	0.19357	17.2414	-0.052965	0.059386	 	99.067	127.6069	0.089926	0.72223	-13.1559	0.021709	0.043288
	20190205	1_D12	NMML	NMML_2231	100544	0.31		 	207.9	47.2045	-0.090314	0.19357	17.8413	-0.052965	0.059386	 	102.168	131.5467	0.089926	0.72223	-10.5979	0.021709	0.043288
	20190205	1_E1	RM	RM_9802	100545	0.305		 	101.207	23.2725	-0.090314	0.19357	17.0746	-0.052965	0.059386	 	51.827	67.5885	0.089926	0.72223	-11.7358	0.021709	0.043288
	20190205	1_E2	RM	RM_9733	100546	0.305		 	101.828	23.4118	-0.090314	0.19357	17.2402	-0.052965	0.059386	 	51.496	67.1679	0.089926	0.72223	-11.8219	0.021709	0.043288
	20190205	1_E3	RM	RM_9730	100547	0.299	"tiny peak area for both N and C, isotope data not reliable"	 	12.719	3.424	-0.090314	0.19357	13.66	-0.052965	0.059386	 	10.023	14.4764	0.089926	0.72223	-14.8497	0.021709	0.043288
	20190205	1_E4	RM	RM_12847	100548	0.317		 	122.112	27.9616	-0.090314	0.19357	18.8131	-0.052965	0.059386	 	64.643	83.8712	0.089926	0.72223	-12.8222	0.021709	0.043288
	20190205	1_E5	RM	RM_10834	100552	0.3		 	161.872	36.8801	-0.090314	0.19357	18.4654	-0.052965	0.059386	 	79.983	103.3607	0.089926	0.72223	-13.4412	0.021709	0.043288
	20190205	1_E6	RM	RM_10273	100553	0.315		 	192.017	43.6418	-0.090314	0.19357	18.0237	-0.052965	0.059386	 	104.101	134.0026	0.089926	0.72223	-12.9297	0.021709	0.043288
	20190205	1_E7	RM	RM_2361	100554	0.3		 	160.636	36.6028	-0.090314	0.19357	17.739	-0.052965	0.059386	 	88.307	113.9363	0.089926	0.72223	-14.1979	0.021709	0.043288
	20190205	1_E8	RM	RM_9804	100555	0.308		 	189.378	43.0499	-0.090314	0.19357	17.43	-0.052965	0.059386	 	104.112	134.0166	0.089926	0.72223	-12.1834	0.021709	0.043288
	20190205	1_E9	RM	RM_9723	100556	0.309		 	110.307	25.3137	-0.090314	0.19357	18.5437	-0.052965	0.059386	 	61.565	79.9606	0.089926	0.72223	-12.9282	0.021709	0.043288
	20190205	1_E10	RM	RM_9729	100557	0.319		 	197.955	44.9737	-0.090314	0.19357	17.5623	-0.052965	0.059386	 	104.372	134.3469	0.089926	0.72223	-12.0156	0.021709	0.043288
	20190205	1_E11	RM	RM_9874	100558	0.316		 	192.168	43.6757	-0.090314	0.19357	17.4517	-0.052965	0.059386	 	98.673	127.1063	0.089926	0.72223	-12.973	0.021709	0.043288
	20190205	1_E12	RM	RM_9874_2	100559	0.317		 	188.538	42.8614	-0.090314	0.19357	17.5596	-0.052965	0.059386	 	96.959	124.9287	0.089926	0.72223	-12.9768	0.021709	0.043288
	20190206	1_F1	RM	RM_4934	100573	0.317		 	188.4763	42.314	-0.018354	0.036993	18.8514	-0.077533	0.050663	 	110.296	140.0507	0.24989	0.025995	-13.58	-0.0067588	0.041885
	20190206	1_F2	RM	RM_12695	100574	0.311		 	175.5093	39.4628	-0.018354	0.036993	19.3933	-0.077533	0.050663	 	87.558	111.6255	0.24989	0.025995	-12.1163	-0.0067588	0.041885
	20190206	1_F3	RM	RM_7714	100575	0.3		 	139.2873	31.4982	-0.018354	0.036993	17.795	-0.077533	0.050663	 	70.162	89.8785	0.24989	0.025995	-10.3845	-0.0067588	0.041885
	20190206	1_F4	RM	RM_9733	100576	0.313	"tiny peak area for both N and C, isotope data not reliable"	 	8.4193	2.7226	-0.018354	0.036993	14.2795	-0.077533	0.050663	 	8.025	12.1999	0.24989	0.025995	-16.2413	-0.0067588	0.041885
	20190206	1_F5	RM	RM_9730	100577	0.3		 	112.4563	25.5985	-0.018354	0.036993	17.2797	-0.077533	0.050663	 	56.559	72.8731	0.24989	0.025995	-10.6743	-0.0067588	0.041885
	20190206	1_F6	RM	RM_9732	100578	0.312		 	110.9223	25.2612	-0.018354	0.036993	16.6755	-0.077533	0.050663	 	55.861	72.0005	0.24989	0.025995	-10.845	-0.0067588	0.041885
	20190206	1_F7	RM	RM_11768	100579	0.31		 	94.3033	21.607	-0.018354	0.036993	18.6133	-0.077533	0.050663	 	48.893	63.2897	0.24989	0.025995	-11.9683	-0.0067588	0.041885
	20190206	1_F8	RM	RM_10273	100580	0.302		 	185.2943	41.6143	-0.018354	0.036993	18.2963	-0.077533	0.050663	 	90.866	115.7609	0.24989	0.025995	-11.6742	-0.0067588	0.041885
	20190206	1_F9	RM	RM_7412	100584	0.319		 	118.5413	26.9365	-0.018354	0.036993	16.4037	-0.077533	0.050663	 	59.909	77.061	0.24989	0.025995	-12.3778	-0.0067588	0.041885
	20190206	1_F10	RM	RM_11409	100585	0.304		 	107.6283	24.5369	-0.018354	0.036993	16.9206	-0.077533	0.050663	 	53.001	68.4252	0.24989	0.025995	-11.7278	-0.0067588	0.041885
	20190206	1_F11	RM	RM_11409_2	100586	0.315		 	100.6623	23.0052	-0.018354	0.036993	16.6846	-0.077533	0.050663	 	50.447	65.2324	0.24989	0.025995	-11.7986	-0.0067588	0.041885
	20190206	1_F12	SI	SI_276059	100587	0.319		 	190.2583	42.7058	-0.018354	0.036993	18.8196	-0.077533	0.050663	 	95.351	121.3677	0.24989	0.025995	-13.789	-0.0067588	0.041885
	20190206	1_G1	SI	SI_276058	100588	0.315		 	133.7333	30.2769	-0.018354	0.036993	18.8113	-0.077533	0.050663	 	69.506	89.0584	0.24989	0.025995	-11.8847	-0.0067588	0.041885
	20190206	1_G2	SI	SI_274154	100589	0.3		 	153.1633	34.5493	-0.018354	0.036993	18.3495	-0.077533	0.050663	 	77.066	98.5093	0.24989	0.025995	-9.8041	-0.0067588	0.041885
	20190206	1_G3	SI	SI_253041	100590	0.319		 	107.7543	24.5646	-0.018354	0.036993	18.021	-0.077533	0.050663	 	55.832	71.9643	0.24989	0.025995	-6.6578	-0.0067588	0.041885
	20190206	1_G4	SI	SI_274155	100594	0.307		 	181.8063	40.8474	-0.018354	0.036993	17.2934	-0.077533	0.050663	 	90.28	115.0283	0.24989	0.025995	-13.1998	-0.0067588	0.041885
	20190206	1_G5	SI	SI_274153	100595	0.309		 	177.7843	39.963	-0.018354	0.036993	18.4356	-0.077533	0.050663	 	89.208	113.6882	0.24989	0.025995	-10.5314	-0.0067588	0.041885
	20190206	1_G6	SI	SI_253043	100596	0.303		 	174.8893	39.3264	-0.018354	0.036993	17.8662	-0.077533	0.050663	 	86.453	110.2441	0.24989	0.025995	-11.2747	-0.0067588	0.041885
	20190206	1_G7	SI	SI_274151	100597	0.316		 	188.6883	42.3606	-0.018354	0.036993	17.9564	-0.077533	0.050663	 	95.066	121.0114	0.24989	0.025995	-11.2205	-0.0067588	0.041885
	20190206	1_G8	SI	SI_274144	100598	0.314		 	104.8983	23.9366	-0.018354	0.036993	19.3902	-0.077533	0.050663	 	57.839	74.4733	0.24989	0.025995	-13.5214	-0.0067588	0.041885
	20190206	1_G9	SI	SI_253042	100599	0.31		 	130.8223	29.6369	-0.018354	0.036993	17.7126	-0.077533	0.050663	 	66.817	85.6968	0.24989	0.025995	-10.5404	-0.0067588	0.041885
	20190206	1_G10	SI	SI_253042_2	100600	0.316		 	128.5343	29.1338	-0.018354	0.036993	17.7505	-0.077533	0.050663	 	65.132	83.5904	0.24989	0.025995	-10.5306	-0.0067588	0.041885
	20190206	1_G11	SI	SI_274146	100604	0.303		 	201.2473	45.1221	-0.018354	0.036993	17.4496	-0.077533	0.050663	 	101.447	128.9884	0.24989	0.025995	-13.3494	-0.0067588	0.041885
	20190206	1_G12	SI	SI_274152	100605	0.302		 	178.4423	40.1077	-0.018354	0.036993	17.4284	-0.077533	0.050663	 	97.116	123.5741	0.24989	0.025995	-11.9956	-0.0067588	0.041885
	20190206	1_H1	SI	SI_274156	100606	0.301		 	195.0453	43.7584	-0.018354	0.036993	17.3823	-0.077533	0.050663	 	100.425	127.7107	0.24989	0.025995	-12.1703	-0.0067588	0.041885
	20190206	1_H2	UA	35434_UA	100607	0.315		 	206.6363	46.307	-0.018354	0.036993	17.216	-0.077533	0.050663	 	110.131	139.8444	0.24989	0.025995	-13.833	-0.0067588	0.041885
	20190206	1_H3	UA	11712_UA	100608	0.313		 	158.4773	35.7177	-0.018354	0.036993	16.0679	-0.077533	0.050663	 	81.185	103.6585	0.24989	0.025995	-14.2385	-0.0067588	0.041885
	20190206	1_H4	UA	19122_UA	100609	0.312		 	188.7863	42.3821	-0.018354	0.036993	16.0257	-0.077533	0.050663	 	95.504	121.5589	0.24989	0.025995	-14.4495	-0.0067588	0.041885
	20190206	1_H5	UA	11777_UA	100610	0.314		 	198.5613	44.5315	-0.018354	0.036993	19.0281	-0.077533	0.050663	 	103.412	131.4448	0.24989	0.025995	-12.7731	-0.0067588	0.041885
	20190206	1_H6	UA	99572_UA	100611	0.303		 	157.2713	35.4525	-0.018354	0.036993	16.2203	-0.077533	0.050663	 	88.189	112.4143	0.24989	0.025995	-15.8402	-0.0067588	0.041885
	20190207	1_H7	UA	99544_UA	100625	0.308		 	190.7307	42.876	-0.0044432	0.12992	16.8769	-0.1173	0.11051	 	92.736	117.9143	-0.064529	0.43745	-13.3729	-0.004403	0.037569
	20190207	1_H8	UA	99543_UA	100626	0.304		 	169.4887	38.1177	-0.0044432	0.12992	16.1704	-0.1173	0.11051	 	96.251	122.3155	-0.064529	0.43745	-16.4521	-0.004403	0.037569
	20190207	1_H9	UA	99665_UA	100627	0.302		 	183.9277	41.3521	-0.0044432	0.12992	14.9035	-0.1173	0.11051	 	90.696	115.36	-0.064529	0.43745	-15.2125	-0.004403	0.037569
	20190207	1_H10	UA	19119_UA	100628	0.307		 	193.0457	43.3945	-0.0044432	0.12992	18.8274	-0.1173	0.11051	 	92.729	117.9055	-0.064529	0.43745	-11.7186	-0.004403	0.037569
	20190207	1_H11	UA	11778_UA	100629	0.308		 	191.3307	43.0104	-0.0044432	0.12992	16.6685	-0.1173	0.11051	 	97.625	124.0359	-0.064529	0.43745	-14.2977	-0.004403	0.037569
	20190207	1_H12	UA	11778_UA_2	100630	0.301		 	180.7757	40.646	-0.0044432	0.12992	16.6606	-0.1173	0.11051	 	93.354	118.6881	-0.064529	0.43745	-14.3183	-0.004403	0.037569
	20190207	2_A1	UA	99667_UA	100631	0.308		 	172.1237	38.708	-0.0044432	0.12992	16.1819	-0.1173	0.11051	 	88.711	112.8745	-0.064529	0.43745	-14.3017	-0.004403	0.037569
	20190207	2_A2	UA	99571_UA	100632	0.31	"tiny peak area for both N and C, isotope data not reliable"	 	17.7307	4.1236	-0.0044432	0.12992	16.1884	-0.1173	0.11051	 	12.924	17.9801	-0.064529	0.43745	-15.7813	-0.004403	0.037569
	20190207	2_A3	UA	99570_UA	100636	0.319		 	180.1927	40.5154	-0.0044432	0.12992	17.3091	-0.1173	0.11051	 	89.925	114.3946	-0.064529	0.43745	-14.2529	-0.004403	0.037569
	20190207	2_A4	UA	41617_UA	100637	0.315		 	205.5067	46.1858	-0.0044432	0.12992	16.6479	-0.1173	0.11051	 	101.402	128.7652	-0.064529	0.43745	-13.3296	-0.004403	0.037569
	20190207	2_A5	UA	41616_UA	100638	0.305		 	194.1257	43.6365	-0.0044432	0.12992	16.3578	-0.1173	0.11051	 	95.382	121.2274	-0.064529	0.43745	-13.542	-0.004403	0.037569
	20190207	2_A6	UA	99536_UA	100639	0.304		 	185.1247	41.6202	-0.0044432	0.12992	16.4169	-0.1173	0.11051	 	93.797	119.2428	-0.064529	0.43745	-15.0758	-0.004403	0.037569
	20190207	2_A7	UA	99563_UA	100640	0.299		 	183.2497	41.2002	-0.0044432	0.12992	16.4207	-0.1173	0.11051	 	89.126	113.3941	-0.064529	0.43745	-14.4738	-0.004403	0.037569
	20190207	2_A8	UA	99535_UA	100641	0.314		 	168.2347	37.8368	-0.0044432	0.12992	16.6342	-0.1173	0.11051	 	83.489	106.3359	-0.064529	0.43745	-14.2715	-0.004403	0.037569
	20190207	2_A9	UA	99657_UA	100642	0.306		 	173.2477	38.9598	-0.0044432	0.12992	15.3521	-0.1173	0.11051	 	88.959	113.185	-0.064529	0.43745	-14.3081	-0.004403	0.037569
	20190207	2_A10	UA	11779_UA	100646	0.319		 	192.2427	43.2147	-0.0044432	0.12992	16.1616	-0.1173	0.11051	 	101.134	128.4296	-0.064529	0.43745	-14.3894	-0.004403	0.037569
	20190207	2_A11	UA	11779_UA_2	100647	0.316		 	173.4947	39.0151	-0.0044432	0.12992	16.0731	-0.1173	0.11051	 	95.82	121.7758	-0.064529	0.43745	-14.8679	-0.004403	0.037569
	20190207	2_A12	UA	21485_UA	100648	0.304		 	174.8177	39.3114	-0.0044432	0.12992	17.0044	-0.1173	0.11051	 	90.19	114.7264	-0.064529	0.43745	-13.1363	-0.004403	0.037569
	20190207	2_B1	UA	41615_UA	100649	0.304		 	183.6597	41.2921	-0.0044432	0.12992	15.5507	-0.1173	0.11051	 	95.402	121.2524	-0.064529	0.43745	-14.4843	-0.004403	0.037569
	20190207	2_B2	UA	85208_UA	100650	0.315		 	182.2207	40.9697	-0.0044432	0.12992	16.439	-0.1173	0.11051	 	97.999	124.5042	-0.064529	0.43745	-14.3804	-0.004403	0.037569
	20190207	2_B3	UA	11713_UA	100651	0.307		 	175.1617	39.3885	-0.0044432	0.12992	16.5685	-0.1173	0.11051	 	90.632	115.2798	-0.064529	0.43745	-13.8185	-0.004403	0.037569
	20190207	2_B4	UA	28932_UA	100652	0.304		 	167.4677	37.665	-0.0044432	0.12992	18.9773	-0.1173	0.11051	 	92.254	117.3108	-0.064529	0.43745	-13.0549	-0.004403	0.037569
	20190207	2_B5	UA	99537_UA	100656	0.305		 	368.1957	82.6285	-0.0044432	0.12992	5.9016	-0.1173	0.11051	 	234.285	295.1506	-0.064529	0.43745	-14.297	-0.004403	0.037569
	20190207	2_B6	UA	99566_UA	100657	0.317		 	178.1887	40.0665	-0.0044432	0.12992	17.2562	-0.1173	0.11051	 	90.748	115.4251	-0.064529	0.43745	-14.1097	-0.004403	0.037569
	20190207	2_B7	UA	37974_UA	100658	0.318		 	187.7937	42.2181	-0.0044432	0.12992	16.4499	-0.1173	0.11051	 	93.608	119.0061	-0.064529	0.43745	-13.2195	-0.004403	0.037569
	20190207	2_B8	UA	28933_UA	100659	0.304		 	175.3407	39.4286	-0.0044432	0.12992	16.3271	-0.1173	0.11051	 	88.058	112.0569	-0.064529	0.43745	-12.725	-0.004403	0.037569
	20190207	2_B9	UA	11712_UA	100660	0.309		 	189.2487	42.544	-0.0044432	0.12992	16.3356	-0.1173	0.11051	 	95.549	121.4365	-0.064529	0.43745	-14.3723	-0.004403	0.037569
	20190207	2_B10	UA	11712_UA_2	100661	0.305		 	182.9457	41.1321	-0.0044432	0.12992	16.2654	-0.1173	0.11051	 	91.743	116.6709	-0.064529	0.43745	-14.3778	-0.004403	0.037569
	20190207	2_B11	UA	85207_UA	100662	0.319		 	185.7847	41.7681	-0.0044432	0.12992	17.3032	-0.1173	0.11051	 	100.764	127.9663	-0.064529	0.43745	-13.9234	-0.004403	0.037569
	20190207	2_B12	UA	36254_UA	100663	0.313		 	191.9007	43.1381	-0.0044432	0.12992	17.4365	-0.1173	0.11051	 	97.141	123.4299	-0.064529	0.43745	-13.7833	-0.004403	0.037569
	20190208	2_C1	UA	37972_UA	100677	0.302		 	155.4313	35.2144	-0.23499	0.24249	17.0816	-0.032242	0.055905	 	78.14	98.6062	-0.71865	0.79719	-14.3699	0.089236	0.098025
	20190208	2_C2	UA	36262_UA	100678	0.301		 	152.7913	34.615	-0.23499	0.24249	15.9474	-0.032242	0.055905	 	80.687	101.8168	-0.71865	0.79719	-14.1869	0.089236	0.098025
	20190208	2_C3	UA	19123_UA	100679	0.314		 	201.4943	45.673	-0.23499	0.24249	18.7451	-0.032242	0.055905	 	103.241	130.2468	-0.71865	0.79719	-12.4359	0.089236	0.098025
	20190208	2_C4	UA	35432_UA	100680	0.309		 	192.9113	43.7242	-0.23499	0.24249	17.2253	-0.032242	0.055905	 	99.3	125.2791	-0.71865	0.79719	-12.8831	0.089236	0.098025
	20190208	2_C5	UA	99658_UA	100681	0.308		 	170.8453	38.7141	-0.23499	0.24249	14.8852	-0.032242	0.055905	 	88.626	111.8242	-0.71865	0.79719	-14.4079	0.089236	0.098025
	20190208	2_C6	UA	41613_UA	100682	0.306		 	195.1723	44.2376	-0.23499	0.24249	16.7201	-0.032242	0.055905	 	97.318	122.7807	-0.71865	0.79719	-13.4057	0.089236	0.098025
	20190208	2_C7	UA	37973_UA	100683	0.304		 	184.9843	41.9244	-0.23499	0.24249	17.003	-0.032242	0.055905	 	94.002	118.6008	-0.71865	0.79719	-13.1675	0.089236	0.098025
	20190208	2_C8	UA	85212_UA	100684	0.313		 	178.5163	40.4558	-0.23499	0.24249	15.6869	-0.032242	0.055905	 	94.061	118.6751	-0.71865	0.79719	-14.3123	0.089236	0.098025
	20190208	2_C9	UA	85212_UA_2	100688	0.307		 	174.8303	39.6189	-0.23499	0.24249	15.9341	-0.032242	0.055905	 	91.781	115.8011	-0.71865	0.79719	-14.2779	0.089236	0.098025
	20190208	2_C10	UA	85212_UA_3	100689	0.302		 	169.4283	38.3924	-0.23499	0.24249	15.6388	-0.032242	0.055905	 	90.014	113.5738	-0.71865	0.79719	-14.4397	0.089236	0.098025
	20190208	2_C11	UA	11770_UA	100690	0.318		 	202.9403	46.0013	-0.23499	0.24249	16.713	-0.032242	0.055905	 	102.47	129.275	-0.71865	0.79719	-13.4265	0.089236	0.098025
	20190208	2_C12	UA	84950_UA	100691	0.317	"smaller peak area, expect reduced precision"	 	60.7283	13.712	-0.23499	0.24249	17.7951	-0.032242	0.055905	 	38.428	48.548	-0.71865	0.79719	-15.1774	0.089236	0.098025
	20190208	2_D1	UA	11740_UA	100692	0.314		 	185.0383	41.9367	-0.23499	0.24249	15.971	-0.032242	0.055905	 	91.779	115.7986	-0.71865	0.79719	-13.7008	0.089236	0.098025
	20190208	2_D2	UA	11738_UA	100693	0.309		 	193.1003	43.7671	-0.23499	0.24249	16.215	-0.032242	0.055905	 	95.946	121.0512	-0.71865	0.79719	-13.7299	0.089236	0.098025
	20190208	2_D3	UA	28950_UA	100694	0.315		 	199.6073	45.2446	-0.23499	0.24249	17.0457	-0.032242	0.055905	 	98.336	124.0639	-0.71865	0.79719	-13.6715	0.089236	0.098025
	20190208	2_D4	UA	11920_UA	100698	0.315		 	199.2013	45.1524	-0.23499	0.24249	16.1103	-0.032242	0.055905	 	102.119	128.8325	-0.71865	0.79719	-14.8142	0.089236	0.098025
	20190208	2_D5	UA	35445_UA	100699	0.304		 	167.8443	38.0328	-0.23499	0.24249	16.7023	-0.032242	0.055905	 	84.398	106.4946	-0.71865	0.79719	-13.9779	0.089236	0.098025
	20190208	2_D6	UA	11475_UA	100700	0.309		 	195.9723	44.4192	-0.23499	0.24249	17.2376	-0.032242	0.055905	 	97.611	123.15	-0.71865	0.79719	-12.9576	0.089236	0.098025
	20190208	2_D7	UA	35446_UA	100701	0.316		 	202.6213	45.9289	-0.23499	0.24249	17.5925	-0.032242	0.055905	 	100.837	127.2165	-0.71865	0.79719	-13.7989	0.089236	0.098025
	20190208	2_D8	UA	11816_UA	100702	0.307		 	182.2673	41.3075	-0.23499	0.24249	16.5144	-0.032242	0.055905	 	99.455	125.4745	-0.71865	0.79719	-14.2481	0.089236	0.098025
	20190208	2_D9	UA	11816_UA_2	100703	0.305		 	178.4463	40.44	-0.23499	0.24249	16.6574	-0.032242	0.055905	 	98.771	124.6123	-0.71865	0.79719	-14.425	0.089236	0.098025
	20190208	2_D10	UA	35442_UA	100704	0.31		 	189.6663	42.9875	-0.23499	0.24249	16.7648	-0.032242	0.055905	 	95.003	119.8626	-0.71865	0.79719	-14.6612	0.089236	0.098025
	20190208	2_D11	UA	11742_UA	100708	0.303		 	192.4753	43.6252	-0.23499	0.24249	16.7096	-0.032242	0.055905	 	95.779	120.8407	-0.71865	0.79719	-13.4086	0.089236	0.098025
	20190208	2_D12	UA	84943_UA	100709	0.309		 	185.8393	42.1185	-0.23499	0.24249	17.028	-0.032242	0.055905	 	96.117	121.2668	-0.71865	0.79719	-14.0599	0.089236	0.098025
	20190208	2_E1	UA	11774_UA	100710	0.313		 	195.3923	44.2875	-0.23499	0.24249	16.7945	-0.032242	0.055905	 	99.483	125.5098	-0.71865	0.79719	-13.4397	0.089236	0.098025
	20190208	2_E2	UA	35437_UA	100711	0.313		 	178.6273	40.481	-0.23499	0.24249	16.8447	-0.032242	0.055905	 	93.305	117.7222	-0.71865	0.79719	-14.4468	0.089236	0.098025
	20190208	2_E3	UA	99693_UA	100712	0.314		 	203.3703	46.099	-0.23499	0.24249	17.1331	-0.032242	0.055905	 	101.4	127.9262	-0.71865	0.79719	-14.2467	0.089236	0.098025
	20190208	2_E4	UA	87032_UA	100713	0.318		 	197.7973	44.8336	-0.23499	0.24249	17.2477	-0.032242	0.055905	 	100.074	126.2547	-0.71865	0.79719	-14.4095	0.089236	0.098025
	20190208	2_E5	UA	99575_UA	100714	0.306		 	192.1363	43.5483	-0.23499	0.24249	18.0476	-0.032242	0.055905	 	95.27	120.1991	-0.71865	0.79719	-14.2496	0.089236	0.098025
	20190208	2_E6	UA	99641_UA	100715	0.303		 	192.3023	43.586	-0.23499	0.24249	16.9496	-0.032242	0.055905	 	95.759	120.8155	-0.71865	0.79719	-13.8314	0.089236	0.098025
	20190215	2_E7	UA	35438_UA	100937	0.309		 	193.485	45.7495	-0.0735	0.097328	17.7283	-0.066541	0.070404	 	100.148	129.4221	0.015231	0.16103	-14.4945	-0.025849	0.049792
	20190215	2_E8	UA	35438_UA_2	100938	0.315		 	194.996	46.0974	-0.0735	0.097328	17.7454	-0.066541	0.070404	 	101.051	130.5701	0.015231	0.16103	-14.5447	-0.025849	0.049792
	20190215	2_E9	UA	5260_UA	100939	0.305		 	189.424	44.8145	-0.0735	0.097328	17.4482	-0.066541	0.070404	 	99.253	128.2842	0.015231	0.16103	-14.2705	-0.025849	0.049792
	20190215	2_E10	UA	110372_UA	100940	0.306		 	171.515	40.6914	-0.0735	0.097328	15.8681	-0.066541	0.070404	 	87.707	113.6048	0.015231	0.16103	-14.9324	-0.025849	0.049792
	20190215	2_E11	UA	35440_UA	100941	0.305		 	164.968	39.1841	-0.0735	0.097328	17.6696	-0.066541	0.070404	 	86.752	112.3906	0.015231	0.16103	-14.6401	-0.025849	0.049792
	20190215	2_E12	UA	11836_UA	100942	0.3		 	175.029	41.5004	-0.0735	0.097328	16.7699	-0.066541	0.070404	 	99.874	129.0737	0.015231	0.16103	-14.7285	-0.025849	0.049792
	20190215	2_F1	UA	11921_UA	100943	0.298		 	180.688	42.8033	-0.0735	0.097328	16.825	-0.066541	0.070404	 	92.728	119.9884	0.015231	0.16103	-13.8686	-0.025849	0.049792
	20190215	2_F2	UA	35449_UA	100944	0.303		 	192.876	45.6093	-0.0735	0.097328	17.6873	-0.066541	0.070404	 	97.432	125.969	0.015231	0.16103	-13.6245	-0.025849	0.049792
	20190215	2_F3	UA	11817_UA	100948	0.312		 	186.626	44.1704	-0.0735	0.097328	16.3531	-0.066541	0.070404	 	99.462	128.5499	0.015231	0.16103	-13.9599	-0.025849	0.049792
	20190215	2_F4	UA	3702_UA	100949	0.318		 	173.901	41.2408	-0.0735	0.097328	18.4749	-0.066541	0.070404	 	92.24	119.368	0.015231	0.16103	-13.309	-0.025849	0.049792
	20190215	2_F5	UA	11921_UA	100950	0.314		 	160.555	38.1682	-0.0735	0.097328	18.0371	-0.066541	0.070404	 	83.777	108.6082	0.015231	0.16103	-13.3542	-0.025849	0.049792
	20190215	2_F6	UA	11771_UA	100951	0.31		 	187	44.2565	-0.0735	0.097328	16.538	-0.066541	0.070404	 	96.843	125.2201	0.015231	0.16103	-13.2065	-0.025849	0.049792
	20190215	2_F7	UA	11771_UA_2	100952	0.305		 	183.52	43.4553	-0.0735	0.097328	16.3412	-0.066541	0.070404	 	95.225	123.163	0.015231	0.16103	-13.2025	-0.025849	0.049792
	20190215	2_F8	UA	19161_UA	100953	0.311		 	146.484	34.9287	-0.0735	0.097328	19.7269	-0.066541	0.070404	 	74.138	96.3534	0.015231	0.16103	-11.8283	-0.025849	0.049792
	20190215	2_F9	UA	52184_UA	100954	0.318		 	195.2	46.1443	-0.0735	0.097328	19.7202	-0.066541	0.070404	 	100.073	129.3267	0.015231	0.16103	-13.4857	-0.025849	0.049792
	20190215	2_F10	UA	87056_UA	100958	0.312		 	195.243	46.1542	-0.0735	0.097328	20.6389	-0.066541	0.070404	 	99.642	128.7787	0.015231	0.16103	-12.6157	-0.025849	0.049792
	20190215	2_F11	UA	28938_UA	100959	0.315		 	176.28	41.7885	-0.0735	0.097328	20.2015	-0.066541	0.070404	 	92.881	120.1829	0.015231	0.16103	-12.0964	-0.025849	0.049792
	20190215	2_F12	UA	28941_UA	100960	0.311		 	190.832	45.1387	-0.0735	0.097328	18.5995	-0.066541	0.070404	 	98.597	127.4501	0.015231	0.16103	-12.5614	-0.025849	0.049792
	20190215	2_G1	UA	87054_UA	100961	0.309		 	193.118	45.665	-0.0735	0.097328	20.2229	-0.066541	0.070404	 	98.835	127.7527	0.015231	0.16103	-13.0446	-0.025849	0.049792
	20190215	2_G2	UA	11827_UA	100962	0.307		 	188.474	44.5958	-0.0735	0.097328	17.4308	-0.066541	0.070404	 	98.179	126.9187	0.015231	0.16103	-12.9853	-0.025849	0.049792
	20190215	2_G3	UA	11747_UA	100963	0.308		 	191.888	45.3818	-0.0735	0.097328	16.6759	-0.066541	0.070404	 	98.609	127.4654	0.015231	0.16103	-13.8089	-0.025849	0.049792
	20190215	2_G4	UA	35447_UA	100964	0.313		 	179.816	42.6025	-0.0735	0.097328	16.7039	-0.066541	0.070404	 	97.889	126.55	0.015231	0.16103	-15.4261	-0.025849	0.049792
	20190215	2_G5	UA	19159_UA	100968	0.306		 	189.926	44.9301	-0.0735	0.097328	20.4049	-0.066541	0.070404	 	97.18	125.6486	0.015231	0.16103	-11.6924	-0.025849	0.049792
	20190215	2_G6	UA	19159_UA_2	100969	0.315		 	196.231	46.3817	-0.0735	0.097328	20.5113	-0.066541	0.070404	 	99.969	129.1945	0.015231	0.16103	-11.7788	-0.025849	0.049792
	20190215	2_G7	UA	84958_UA	100970	0.302		 	146.892	35.0226	-0.0735	0.097328	15.283	-0.066541	0.070404	 	79.381	103.0192	0.015231	0.16103	-15.8971	-0.025849	0.049792
	20190215	2_G8	UA	35450_UA	100971	0.309		 	144.463	34.4634	-0.0735	0.097328	16.7397	-0.066541	0.070404	 	76.2	98.9749	0.015231	0.16103	-14.5832	-0.025849	0.049792
	20190215	2_G9	UA	28949_UA	100972	0.307		 	135.267	32.3462	-0.0735	0.097328	15.8882	-0.066541	0.070404	 	71.993	93.6262	0.015231	0.16103	-15.0513	-0.025849	0.049792
	20190215	2_G10	UA	28940_UA	100973	0.301		 	176.945	41.9416	-0.0735	0.097328	19.9807	-0.066541	0.070404	 	91.721	118.7081	0.015231	0.16103	-11.7847	-0.025849	0.049792
	20190215	2_G11	UA	28942_UA	100974	0.31		 	175.124	41.5223	-0.0735	0.097328	19.993	-0.066541	0.070404	 	92.767	120.038	0.015231	0.16103	-12.6505	-0.025849	0.049792
	20190215	2_G12	UA	42810_UA	100975	0.306		 	178.889	42.3891	-0.0735	0.097328	19.6063	-0.066541	0.070404	 	95.84	123.9449	0.015231	0.16103	-12.9398	-0.025849	0.049792
	20190216	2_H1	UA	19173_UA	100989	0.317		 	203.993	48.4735	-0.074138	0.051019	20.248	0.0026013	0.1134	 	104.204	134.7023	0.019065	0.17638	-12.8453	0.039682	0.019811
	20190216	2_H2	UA	28934_UA	100990	0.306		 	181.171	43.2444	-0.074138	0.051019	19.3372	0.0026013	0.1134	 	96.527	124.9758	0.019065	0.17638	-13.0426	0.039682	0.019811
	20190216	2_H3	UA	52183_UA	100991	0.304		 	191.694	45.6555	-0.074138	0.051019	17.5393	0.0026013	0.1134	 	98.988	128.0938	0.019065	0.17638	-13.967	0.039682	0.019811
	20190216	2_H4	UA	42152_UA	100992	0.315		 	199.491	47.442	-0.074138	0.051019	19.9123	0.0026013	0.1134	 	104.741	135.3827	0.019065	0.17638	-13.0812	0.039682	0.019811
	20190216	2_H5	UA	42152_UA_2	100993	0.313		 	198.562	47.2291	-0.074138	0.051019	20.0173	0.0026013	0.1134	 	103.182	133.4075	0.019065	0.17638	-13.002	0.039682	0.019811
	20190216	2_H6	UA	28939_UA	100994	0.318		 	184.648	44.041	-0.074138	0.051019	20.5143	0.0026013	0.1134	 	95	123.0411	0.019065	0.17638	-11.8216	0.039682	0.019811
	20190216	2_H7	UA	28943_UA	100995	0.304		 	182.412	43.5287	-0.074138	0.051019	19.4857	0.0026013	0.1134	 	97.278	125.9273	0.019065	0.17638	-12.5438	0.039682	0.019811
	20190216	2_H8	UA	19174_UA	100996	0.308		 	183.982	43.8884	-0.074138	0.051019	18.5015	0.0026013	0.1134	 	97.624	126.3657	0.019065	0.17638	-14.1078	0.039682	0.019811
	20190216	2_H9	UA	19172_UA	101000	0.301		 	174.644	41.7489	-0.074138	0.051019	19.3342	0.0026013	0.1134	 	91.252	118.2925	0.019065	0.17638	-13.1271	0.039682	0.019811
	20190216	2_H10	UA	28937_UA	101001	0.308		 	163.88	39.2826	-0.074138	0.051019	20.3773	0.0026013	0.1134	 	86.67	112.4873	0.019065	0.17638	-12.0433	0.039682	0.019811
	20190216	2_H11	UA	11457_UA	101002	0.315		 	116.401	28.4039	-0.074138	0.051019	20.6515	0.0026013	0.1134	 	69.474	90.7005	0.019065	0.17638	-13.2382	0.039682	0.019811
	20190216	2_H12	UA	84959_UA	101003	0.307		 	172.764	41.3181	-0.074138	0.051019	16.7556	0.0026013	0.1134	 	92.562	119.9523	0.019065	0.17638	-14.3023	0.039682	0.019811
	20190216	3_A1	UA	28935_UA	101004	0.302		 	178.451	42.6211	-0.074138	0.051019	18.9912	0.0026013	0.1134	 	94.228	122.063	0.019065	0.17638	-12.9681	0.039682	0.019811
	20190216	3_A2	UA	28935_UA	101005	0.302		 	180.153	43.0111	-0.074138	0.051019	19.1445	0.0026013	0.1134	 	93.025	120.5389	0.019065	0.17638	-12.6304	0.039682	0.019811
	20190216	3_A3	UA	28935_UA	101006	0.307		 	195.485	46.5241	-0.074138	0.051019	17.8114	0.0026013	0.1134	 	100.984	130.6227	0.019065	0.17638	-14.2255	0.039682	0.019811
	20190216	3_A4	UA	28935_UA	101010	0.302		 	187.538	44.7032	-0.074138	0.051019	17.5432	0.0026013	0.1134	 	96.29	124.6755	0.019065	0.17638	-14.1952	0.039682	0.019811
	20190216	3_A5	UA	28935_UA	101011	0.316		 	184.629	44.0367	-0.074138	0.051019	19.511	0.0026013	0.1134	 	98.738	127.7771	0.019065	0.17638	-13.3326	0.039682	0.019811
	20190216	3_A6	UA	28935_UA	101012	0.311		 	196.529	46.7633	-0.074138	0.051019	19.6818	0.0026013	0.1134	 	100.413	129.8993	0.019065	0.17638	-11.8545	0.039682	0.019811
	20190216	3_B1	UA	28935_UA	101013	0.311		 	193.586	46.089	-0.074138	0.051019	20.201	0.0026013	0.1134	 	99.824	129.153	0.019065	0.17638	-12.087	0.039682	0.019811
	20190216	3_B2	UA	28935_UA	101014	0.305		 	192.187	45.7684	-0.074138	0.051019	20.1751	0.0026013	0.1134	 	98.74	127.7796	0.019065	0.17638	-11.9112	0.039682	0.019811
	20190216	3_B3	UA	28935_UA	101015	0.311		 	150.386	36.1907	-0.074138	0.051019	19.497	0.0026013	0.1134	 	78.077	101.6002	0.019065	0.17638	-13.1303	0.039682	0.019811
	20190216	3_B4	UA	28935_UA	101016	0.301		 	173.039	41.3811	-0.074138	0.051019	17.1481	0.0026013	0.1134	 	92.15	119.4303	0.019065	0.17638	-12.5804	0.039682	0.019811
	20190216	3_B5	UA	28935_UA	101020	0.307		 	141.892	34.2445	-0.074138	0.051019	16.1952	0.0026013	0.1134	 	75.668	98.5481	0.019065	0.17638	-14.502	0.039682	0.019811
	20190216	3_B6	UA	85206_UA	101021	0.304		 	131.929	31.9618	-0.074138	0.051019	17.3782	0.0026013	0.1134	 	75.532	98.3758	0.019065	0.17638	-14.5575	0.039682	0.019811
	20190216	3_C1	UA	11743_UA	101022	0.314		 	132.045	31.9883	-0.074138	0.051019	16.5519	0.0026013	0.1134	 	69.486	90.7157	0.019065	0.17638	-13.4465	0.039682	0.019811
	20190216	3_C2	UA	11743_UA_2	101023	0.308		 	135.599	32.8026	-0.074138	0.051019	16.5952	0.0026013	0.1134	 	71.243	92.9417	0.019065	0.17638	-13.3823	0.039682	0.019811
	20190216	4_A1	std	L-Proline_1	101024	0.198		 	95.376	23.5865	-0.074138	0.051019	-6.8999	0.0026013	0.1134	 	79.754	103.7249	0.019065	0.17638	-12.4664	0.039682	0.019811
	20190216	4_B1	std	L-Proline_2	101025	0.208		 	98.338	24.2652	-0.074138	0.051019	-6.8625	0.0026013	0.1134	 	81.708	106.2006	0.019065	0.17638	-12.3973	0.039682	0.019811
	20190216	4_C2	std	L-Proline_3	101026	0.214		 	111.339	27.2441	-0.074138	0.051019	-6.9095	0.0026013	0.1134	 	91.873	119.0793	0.019065	0.17638	-12.5	0.039682	0.019811
	20190216	4_D1	std	L-Proline_4	101027	0.2		 	88.361	21.9792	-0.074138	0.051019	-6.9134	0.0026013	0.1134	 	73.863	96.2612	0.019065	0.17638	-12.4268	0.039682	0.019811
	20190217	4_E1	std	L-Proline_5	101041	0.208		 	101.4817	24.3184	-0.098113	0.080288	-6.9332	-0.044544	0.095838	 	82.918	106.9117	0.25883	0.26313	-12.4657	0.031	0.055203
	20190217	4_F1	std	L-Proline_6	101042	0.207		 	104.2277	24.9376	-0.098113	0.080288	-6.9532	-0.044544	0.095838	 	85.077	109.6374	0.25883	0.26313	-12.4723	0.031	0.055203
	20190217	4_G1	std	L-Proline_7	101043	0.214		 	101.9197	24.4172	-0.098113	0.080288	-6.9044	-0.044544	0.095838	 	83.093	107.1326	0.25883	0.26313	-12.4881	0.031	0.055203
	20190217	4_H1	std	L-Proline_8	101044	0.207		 	104.4317	24.9836	-0.098113	0.080288	-6.8742	-0.044544	0.095838	 	85.544	110.227	0.25883	0.26313	-12.4837	0.031	0.055203
	20190217	4_A2	std	L-Proline_9	101045	0.204		 	99.0057	23.7602	-0.098113	0.080288	-7.0375	-0.044544	0.095838	 	81.88	105.6012	0.25883	0.26313	-12.5045	0.031	0.055203
	20190217	4_B2	std	L-Proline_10	101046	0.208	-6.91245	 	102.3847	24.5221	-0.098113	0.080288	-6.8367	-0.044544	0.095838	 	83.814	108.0429	0.25883	0.26313	-12.5092	0.031	0.055203
	20190217	4_C2	std	Glycine_1	101047	0.205		 	158.0857	37.0812	-0.098113	0.080288	3.1613	-0.044544	0.095838	 	50.124	65.5095	0.25883	0.26313	-42.4509	0.031	0.055203
	20190217	4_D2	std	Glycine_2	101048	0.202		 	156.4847	36.7202	-0.098113	0.080288	3.0365	-0.044544	0.095838	 	50.063	65.4325	0.25883	0.26313	-42.544	0.031	0.055203
	20190217	4_E2	std	Glycine_3	101052	0.205		 	158.1377	37.0929	-0.098113	0.080288	3.111	-0.044544	0.095838	 	50.302	65.7342	0.25883	0.26313	-42.5687	0.031	0.055203
	20190217	4_F2	std	Glycine_4	101053	0.201		 	153.1947	35.9784	-0.098113	0.080288	3.2503	-0.044544	0.095838	 	49.514	64.7394	0.25883	0.26313	-42.4689	0.031	0.055203
	20190217	4_G2	std	Glycine_5	101054	0.204		 	157.5677	36.9644	-0.098113	0.080288	3.3304	-0.044544	0.095838	 	50.525	66.0157	0.25883	0.26313	-42.3851	0.031	0.055203
	20190217	4_H2	std	Glycine_6	101055	0.213		 	168.7377	39.4829	-0.098113	0.080288	3.2441	-0.044544	0.095838	 	54.752	71.3523	0.25883	0.26313	-41.9467	0.031	0.055203
	20190217	4_A3	std	Glycine_7	101056	0.216		 	168.3367	39.3925	-0.098113	0.080288	3.1062	-0.044544	0.095838	 	53.457	69.7174	0.25883	0.26313	-42.5342	0.031	0.055203
	20190217	4_B3	std	Glycine_8	101057	0.211		 	177.3647	41.4281	-0.098113	0.080288	3.2825	-0.044544	0.095838	 	55.924	72.8319	0.25883	0.26313	-42.571	0.031	0.055203
	20190217	4_C3	std	Glycine_9	101058	0.199		 	155.5897	36.5184	-0.098113	0.080288	3.1361	-0.044544	0.095838	 	49.472	64.6863	0.25883	0.26313	-42.5003	0.031	0.055203
	20190217	4_D3	std	Glycine_10	101062	0.211	3.17524	 	163.4957	38.301	-0.098113	0.080288	3.094	-0.044544	0.095838	 	52.316	68.2769	0.25883	0.26313	-42.4437	0.031	0.055203
	20190217	4_E3	std	L-Serine_1	101063	0.211		 	113.8737	27.1125	-0.098113	0.080288	1.3676	-0.044544	0.095838	 	56.169	73.1413	0.25883	0.26313	-32.248	0.031	0.055203
	20190217	4_F3	std	L-Serine_2	101064	0.216		 	118.2197	28.0924	-0.098113	0.080288	1.3543	-0.044544	0.095838	 	58.896	76.5841	0.25883	0.26313	-32.2687	0.031	0.055203
	20190217	4_G3	std	L-Serine_3	101065	0.196		 	101.9987	24.435	-0.098113	0.080288	1.505	-0.044544	0.095838	 	51.733	67.5408	0.25883	0.26313	-30.9429	0.031	0.055203
	20190217	4_H3	std	L-Serine_4	101066	0.216		 	116.0577	27.605	-0.098113	0.080288	1.3898	-0.044544	0.095838	 	57.733	75.1158	0.25883	0.26313	-32.3223	0.031	0.055203
	20190217	4_A4	std	L-Serine_5	101067	0.199		 	110.8347	26.4273	-0.098113	0.080288	1.4353	-0.044544	0.095838	 	55.494	72.2891	0.25883	0.26313	-32.3119	0.031	0.055203
	20190217	4_B4	std	L-Serine_6	101068	0.2		 	105.8867	25.3117	-0.098113	0.080288	1.3421	-0.044544	0.095838	 	53.135	69.3108	0.25883	0.26313	-32.3839	0.031	0.055203
	20190217	4_C4	std	L-Serine_7	101072	0.212		 	113.4697	27.0214	-0.098113	0.080288	1.3682	-0.044544	0.095838	 	56.511	73.573	0.25883	0.26313	-32.4257	0.031	0.055203
	20190217	4_D4	std	L-Serine_8	101073	0.202		 	113.9947	27.1398	-0.098113	0.080288	1.4688	-0.044544	0.095838	 	56.744	73.8672	0.25883	0.26313	-32.2847	0.031	0.055203
	20190217	4_E4	std	L-Serine_9	101074	0.207		 	111.6897	26.6201	-0.098113	0.080288	1.3646	-0.044544	0.095838	 	55.769	72.6363	0.25883	0.26313	-32.4371	0.031	0.055203
	20190217	4_F4	std	L-Serine_10	101075	0.203	1.40833	 	109.9357	26.2246	-0.098113	0.080288	1.4876	-0.044544	0.095838	 	54.305	70.788	0.25883	0.26313	-32.3192	0.031	0.055203
																							
																							
MATLAB SCRIPTS																							
	shrek.m - 180131 and shrek_standards.m - 170118 and shrek_standards.m - 170118																						
																							
SUGGESTED READING																							
	"Fry B, Brand W, Mersch FJ, Tholke K, Garritt R. Automated analysis system for coupled d13C and d15N measurements. Analytical Chemistry 64, 288-291. (1992)."																						